T6651.xy: 496.2993082706767
T6721.xy: 481.02052728702887
T6792.xy: 470.54240773583626
T6863.xy: 461.0749004833461
T6934.xy: 450.84377013383505
T7016.xy: 441.9347710453126
T7089.xy: 431.4886156723495
T7163.xy: 422.7292086598162
T7229.xy: 414.6311475954977
T7302.xy: 406.7980269313762
T7363.xy: 400.85249783367027
T7435.xy: 391.6243324102023
T7509.xy: 387.162455452954
T7577.xy: 380.5371368694246
T7652.xy: 372.22448120300754
