T09645.xy: 245.46033847050612
T09718.xy: 243.41903129124586
T09789.xy: 241.21949876883892
T09861.xy: 238.4571154091408
T09934.xy: 236.11845951107506
T10006.xy: 233.329724848239
T10078.xy: 230.23128301432772
T10148.xy: 227.2060868441092
T10219.xy: 225.02036582651868
T10292.xy: 222.3391859812666
T10365.xy: 219.36439123675694
T10434.xy: 216.8316887315054
T10508.xy: 214.65439233174595
T10578.xy: 212.6630194652351
T10652.xy: 209.35291515985267
T10720.xy: 207.53963211444182
T10792.xy: 205.202151932784
T10865.xy: 202.9202516375391
T10940.xy: 200.48951783003758
T11012.xy: 198.90498905791395
T11090.xy: 196.25923365123484
T11160.xy: 193.70937893792623
T11232.xy: 191.97930409523318
T11294.xy: 189.85169813518527
T11368.xy: 187.60277990913383
T11438.xy: 186.3322313281465
T11509.xy: 184.2324022567865
T11581.xy: 182.10502061232944
T11653.xy: 180.0894053909909
T11724.xy: 178.3073777205182
T11794.xy: 176.2873336683524
T11869.xy: 174.52572136333612
T11940.xy: 172.6550661404221
T12014.xy: 170.60551746889755
T12084.xy: 169.20956775306206
T12154.xy: 166.52192608722368
T12225.xy: 165.7733825398034
T12296.xy: 163.4955609022588
T12357.xy: 162.00360928305108
T12420.xy: 160.60197157017484
T12492.xy: 159.09096945370646
T12563.xy: 157.9826893495801
T12634.xy: 155.80700194703243
T12705.xy: 153.95358865552637
T12779.xy: 153.0679760117474
T12851.xy: 151.5209853112445
T12923.xy: 149.24454346116275
T12993.xy: 148.22548121802149
T13065.xy: 147.15842152075152
T13138.xy: 145.6549808317728
T13210.xy: 143.81696112077432
T13281.xy: 142.3835657314117
T13351.xy: 141.46124817523673
T13426.xy: 140.2439100090884
T13495.xy: 138.15716499894242
T13566.xy: 137.96533477180347
T13638.xy: 134.74094291420806
T13710.xy: 135.03189827660162
T13783.xy: 130.63269740906642
T13855.xy: 132.89681292564688
T13930.xy: 133.08843881850441
T13997.xy: 129.5682971991444
T14070.xy: 131.84919488958164
T14143.xy: 124.07482706766918
