T09503.xy: 248.14965413533835
T09574.xy: 245.34121442533709
