T5951.xy: 620.3741353383458
#T6022.xy: 594.3473759749071
T6085.xy: 592.414920779214
T6156.xy: 575.0733307781115
T6227.xy: 563.9100998248507
T6304.xy: 549.6665206433366
T6372.xy: 536.2764949635632
T6442.xy: 524.0988847593793
T6508.xy: 513.731047593104
T6575.xy: 503.3047267760027
T6651.xy: 496.2993082706767
