T5543.xy: 744.4489624060151
T5612.xy: 717.9160763949778
T5677.xy: 701.481313603109
T5747.xy: 682.6197534309899
#T5817.xy: 662.8052850714089
#T5879.xy: 655.1166828174141
T5951.xy: 620.3741353383458
