T3817.xy: 4047.8039557806396
T3884.xy: 2622.9038656339776
T3963.xy: 2303.238687328885
T4025.xy: 2070.624371769054
T4087.xy: 1986.935242586366
T4151.xy: 1783.6765402489239
T4219.xy: 1630.1147637074096
T4292.xy: 1562.370555370812
T4354.xy: 1429.1182930060834
T4427.xy: 1391.3823332630473
T4496.xy: 1314.0116551674635
T4558.xy: 1294.0263868308332
T4632.xy: 1259.1057852890463
T4702.xy: 1139.024811932604
T4762.xy: 1140.7864647115382
T4824.xy: 1103.1040812190847
T4896.xy: 1060.9298600497648
T4969.xy: 1012.0868498136311
T5039.xy: 982.0785150654897
T5110.xy: 935.8331751907626
T5190.xy: 900.3073493471336
T5255.xy: 860.0825008287235
T5325.xy: 856.7704654261406
T5403.xy: 794.4871640204753
T5469.xy: 733.388832965489
