T16053.xy: 90.45300835427635
T16617.xy: 81.21047762108086
T16678.xy: 80.31780246995505
T16739.xy: 79.15724700943923
T16812.xy: 78.44798662153762
T16871.xy: 77.4520761261443
T16933.xy: 76.66196112954584
T17008.xy: 75.373800563203
T17077.xy: 74.28223895630823
T17137.xy: 73.38655766446928
T17200.xy: 72.1896895417961
T17271.xy: 71.56217278784045
T17343.xy: 70.12160217440957
T17416.xy: 68.92969343342145
T17486.xy: 68.12049284214301
T17549.xy: 66.80303824279235
T17625.xy: 65.99608104409013
T17695.xy: 65.25251792159017
T17769.xy: 64.00266354954327
T17836.xy: 63.015781912851686
T17906.xy: 61.562998778797
T17969.xy: 60.8954006296276
T18040.xy: 59.61929259890727
T18111.xy: 58.78017522831741
T18177.xy: 57.867491523721604
T18244.xy: 56.628928486673345
T18315.xy: 55.58274202642659
T18388.xy: 54.76911277607284
T18458.xy: 53.23742605239474
T18531.xy: 52.457573607339896
T18605.xy: 51.130249935893495
T18674.xy: 50.18605538362272
T18748.xy: 48.82375634938857
T18818.xy: 47.898926722625646
T18889.xy: 47.24554206801689
T18960.xy: 45.92649719589015
T19033.xy: 45.31404852626354
T19103.xy: 44.04792240037513
T19175.xy: 43.512162472031946
T19246.xy: 42.39974893171179
T19307.xy: 41.40370710601314
T19368.xy: 40.190000003978724
T19442.xy: 39.7908194502919
T19504.xy: 38.86873798965855
T19577.xy: 38.256582406214875
T19646.xy: 36.732536890445104
T19720.xy: 36.302952043599674
T19795.xy: 35.33077538066582
T19861.xy: 33.82853466198359
T19922.xy: 33.6264129799091
T19984.xy: 32.56882980723177
T20056.xy: 31.716029588070004
T20128.xy: 30.9389509299541
T20201.xy: 29.801282167285436
T20270.xy: 28.843694109308284
T20343.xy: 28.022933381569352
T20417.xy: 27.12695804779101
T20489.xy: 26.697121450809053
T20558.xy: 25.801797115458406
T20628.xy: 24.80468338477568
T20700.xy: 24.08677644034063
T20771.xy: 23.216851687498718
T20833.xy: 22.403639545458578
T20907.xy: 21.450824944786188
T20978.xy: 20.698403220925407
T21050.xy: 20.180242579832115
T21120.xy: 19.073026686872062
T21193.xy: 18.067527932796555
T21266.xy: 17.788340332627318
T21335.xy: 16.73984202033769
T21409.xy: 16.15580200933398
T21477.xy: 15.392400576341881
T21541.xy: 14.662332974949772
T21610.xy: 14.114418248767004
T21673.xy: 13.670336677360423
T21746.xy: 12.643113927012816
T21818.xy: 12.517769120321669
T21887.xy: 11.197431215995442
T21948.xy: 11.459041839515868
T22020.xy: 11.521111661090618
T22092.xy: 10.38658595887989
T22157.xy: 10.383172535760965
T22228.xy: 10.061869216456225
T22299.xy: 9.278080287311097
T22371.xy: 8.83668184571166
T22447.xy: 8.352209963184631
T22512.xy: 8.955785625765454
T22573.xy: 7.90930609871769
T22648.xy: 3.4643319393515317
T22718.xy: 4.1507304003627565
T22788.xy: 3.2807740203778155
T22865.xy: 1.5726691486794457
T22932.xy: 3.0897989180398984
T22994.xy: 1.0558253042494077
T23064.xy: 1.4392233684991647
T23138.xy: 2.0496273589825957
T23208.xy: 0.3478652040929014
T23280.xy: 2.3547687674325593
T23361.xy: 2.8459896671389484
T23433.xy: 0.7120535181141793
T23496.xy: 1.5881943255362871
T23566.xy: -0.8318854167488029
T23639.xy: -0.19584335188209473
T23710.xy: 4.127075248698121
T23782.xy: 1.503825079280638
T23842.xy: 1.298701481981237
T23905.xy: -1.9875197542258602
T23978.xy: 1.1092062721462115
T24052.xy: 1.7960423393624443
T24121.xy: 2.2015433421886708
T24194.xy: -1.118879018385083
T24262.xy: -1.6892400749730334
T24326.xy: -1.7383043762838022
T24397.xy: 2.6087265909066253
T24467.xy: -0.6892358011630055
T24530.xy: 2.4643805068983773
T24600.xy: 1.4116956879360614
T24675.xy: 3.1703609297698665
T24744.xy: 0.11053285060109477
T24817.xy: 2.316149667416408
T24894.xy: 0.5364199414541123
T24957.xy: -2.152460736629538
T25024.xy: -2.0971135573427073
T25092.xy: 2.091629797823038
T25152.xy: 2.4945719274003846
T25215.xy: 1.1069965768579215
T25286.xy: 2.1208495454024825
T25348.xy: 2.5511295565177003
T25418.xy: -2.908469183861368
T25492.xy: -1.9420736825064098
