T14143.xy: 123.95295558284394
T14211.xy: 115.26802909226424
T14283.xy: 115.70504212601391
T14354.xy: 116.09744924015496
T14432.xy: 115.5189035534501
T14503.xy: 113.26445263139607
T14573.xy: 113.32417457681417
T14642.xy: 113.39326934945271
T14714.xy: 112.32070148051518
T14787.xy: 108.97163127594759
T14857.xy: 109.64817699038785
T14927.xy: 107.22679420091224
T14993.xy: 107.32677769871788
T15063.xy: 106.35472238842755
T15136.xy: 105.39933227233728
T15206.xy: 104.03778591581003
T15277.xy: 102.33092796214031
T15350.xy: 100.8763921934027
T15418.xy: 100.49522871553593
T15492.xy: 99.08281468883276
T15562.xy: 97.3258169088354
T15633.xy: 95.90149574477304
T15706.xy: 95.4219114489226
T15777.xy: 93.9096812365406
T15838.xy: 93.38407856938173
T15910.xy: 91.74790491639014
T15981.xy: 91.22741714198933
T16127.xy: 88.5882756065361
T16203.xy: 87.67147079674957
T16267.xy: 87.09015257940483
T16335.xy: 85.72596923247862
T16406.xy: 84.17908589568572
T16481.xy: 83.45410256101752
T16545.xy: 82.12170648181431
