T14143.xy: 123.95295558284394
T14211.xy: 115.26802909226424
T14283.xy: 115.70504212601391
T14354.xy: 116.09744924015496
T14432.xy: 115.5189035534501
T14503.xy: 113.26445263139607
T14573.xy: 113.32417457681417
T14642.xy: 113.39326934945271
T14714.xy: 112.32070148051518
T14857.xy: 109.64817699038785
